   20.1043    3.8146   -2.7440   -1.8555   -3.3611   -3.1989
    3.8146    9.2776    0.0166   -2.3789   -0.5380   -0.9944
   -2.7440    0.0166    8.9886    0.5547    4.2628   -2.4450
   -1.8555   -2.3789    0.5547    4.9197   -0.0654    0.7962
   -3.3611   -0.5380    4.2628   -0.0654    4.3037   -0.0755
   -3.1989   -0.9944   -2.4450    0.7962   -0.0755   17.6311

  Columns 1 through 25

     1     1     1     1     1     1     1     1     1     1     1     1     1     1     1     1     1     1     1     1     1     1     1     1     1

  Columns 26 through 42

     1     1     1     1     1     1     1     1     1     1     1     1     1     1     1     1     1

     1     1     1     1     1     1

R-squared:
    0.9244
    0.9391
    0.9515
    0.9517
    0.9056
    0.9540
    0.9555
    0.9442
    0.9486
    0.9532
    0.9502
    0.9319
    0.9190
    0.9247
    0.9090
    0.9333
    0.9088
    0.8968
    0.8893
    0.8832
    0.9531
    0.8993
    0.8534
    0.8917
    0.8223
    0.6542
    0.4107
    0.4723
    0.7291
    0.7644
    0.7440
    0.6475
    0.7978
    0.6510
    0.7571
    0.8159
    0.5840
    0.7861
    0.4311
    0.7217
    0.8485
    0.9399

Average R-squared:
    0.8274

Cross-sectional estimates and their t-statistic:
    0.6091    2.2027
   -0.0132   -0.0403
    0.2039    1.7628
    0.2436    2.1242
    0.1994    1.3085
   -0.0377   -0.1830
    0.7271    1.4261

Critical Value at 5%:
   -2.0301

Critical Value at 10%:
   -1.6896

Time-series sample mean and Cross-sectional estimates:
    1.0172   -0.0132
    0.3885    0.2039
    0.1604    0.2436
    0.0927    0.1994
    0.0580   -0.0377
   -0.0431    0.7271

R-squared in cross-sectional:
    0.4903

GRS test Intercept and its p-value:
    3.1089    0.0000

